individuals=162
markers=217
chromosomes=5
length=0,130,215,300,385,500
traits=12
minQTL=1

maxQTL=32

qtldata.0=X3.Hydroxypropyl,0.31,0.27,0.21,0.07,0.1,0.19,0.27,0.28,0.73,0.77,0.81,0.83,0.44,0.12,0.09,0.01,0.03,0.02,0.02,0,0.01,0.03,0.05,0.07,0.07,0.05,0.02,0.08,0.16,0.28,0.34,0.42,0.44,0.39,0.36,0.35,0.5,0.56,0.66,0.65,0.16,0.12,0.06,0.09,0.45,0.77,1.18,0.97,0.47,0.04,0.05,0.07,0.08,0.09,0.58,0.37,0.41,0.46,0.5,0.51,0.33,0.12,0,0,0.01,0.11,0.3,0.36,0.57,0.57,0.6,0.6,0.78,0.78,0.93,1.01,0.79,0.7,0.56,0.52,0.36,0.23,0.24,0.26,0.2,0.08,0.08,0,0,0.01,0.01,0.01,0,0.02,0.05,0.03,0,0.01,0.02,0.02,0.03,0.06,0.11,0.19,0.2,0.48,0.72,0.71,0.67,0.67,0.53,0.26,0.24,0.14,0.06,0.06,0.07,0.08,0.14,0.15,0.14,0.14,0,0,0.01,0.01,0.02,0.03,0.03,0.02,0.01,0,7.12,13.76,15.38,16.56,17.23,15.72,14.9,7.65,7.56,6.39,4.7,4.1,2.66,1.95,1.04,1.02,0.11,0.12,0.18,0.15,0.04,0.05,0.1,0.1,0.48,0.45,0.33,0.32,0.21,0.2,0.07,0.05,0.02,0.01,0.01,0.08,0.25,0.36,0.48,0.6,0.46,0.34,0.3,1.19,1.53,2.04,5.49,5.57,13.72,14.47,20.15,19.98,17.75,17.71,15.82,14.5,13.44,9.91,8.41,6.32,5.72,4.95,4.38,2.87,2.87,0,0.01,0.28,0.22,0.05,0.02,0.05,0.09,0.14,0.22,0.26,0.11,0.11,0.11,0.11,0.02,0,0.14,0.16,0.21
qtldata.1=X4.Hydroxybutyl,1.03,2.39,2.6,3.13,2.96,2.51,2.07,2.07,2.33,2.01,1.67,1.46,1.25,1.07,0.94,0.56,0.11,0.08,0.07,0.02,0.16,0.12,0.07,0.02,0.01,0.02,0.02,0.02,0.01,0.12,0.19,0.34,0.39,0.33,0.29,0.28,0.4,0.45,0.23,0.22,0.04,0.03,0,0,0.05,0.1,0.17,0.29,0.57,0.82,0.64,0.19,0.17,0.07,0.12,0.25,0.27,0.3,0.25,0.24,0.17,0.08,0.04,0.02,0.01,0.01,0,0.01,0.03,0.03,0,0,0.11,0.11,0.09,0.07,0.05,0.04,0.01,0,0.15,0.26,0.31,0.37,0.34,0.25,0.25,0.04,0.04,0.02,0.7,0.68,0.67,1.04,1.54,1.8,2.29,2.05,1.64,1.35,1.2,0.87,0.87,0.87,0.87,0.78,0.71,0.67,0.58,0.56,0.38,0,0,0.01,0.02,0.06,0.26,0.22,0.03,0.02,0.01,0.01,0.11,0.14,0.2,0.24,0.26,0.31,0.32,0.24,0.17,0.09,1.73,2.87,3.64,4.21,4.53,4.85,5.03,3.81,3.8,3.93,4.12,4.14,4.19,3.68,3.03,2.96,0.03,0.06,0.26,0.29,0.38,0.39,0.43,0.43,0.53,0.58,0.91,0.94,1,1.01,0.85,0.71,0.42,0.13,0.06,0.1,0.14,0.16,0.13,0.11,0.06,0.01,0,2.33,3.23,3.58,5.97,6.03,12.48,13.07,20.16,19.88,16.3,16.23,14.37,13.06,12.47,10.51,9.61,8.36,8.04,7.64,6.95,5.17,5.16,0.88,0.87,0.5,0.51,0.55,0.56,0.44,0.33,0.33,0.33,0.33,0.56,0.5,0.4,0.32,0.07,0.02,0.02,0.03,0.05
qtldata.2=X4.Methylsulfinylbutyl,0.29,0.4,0.37,0.31,0.27,0.18,0.08,0.08,0.01,0.04,0.07,0.09,0.06,0.04,0.04,0.04,0.01,0.01,0,0,0,0,0.01,0.06,0.08,0.09,0.1,0.11,0.11,0.14,0.16,0.15,0.15,0.39,0.57,0.63,0.83,0.91,0.12,0.12,0.21,0.16,0.09,0.08,0.01,0.01,0.02,0.04,0.1,0.16,0.16,0.16,0.16,0.17,0.02,0.03,0.03,0.02,0,0,0.01,0.01,0.02,0.03,0.04,0.04,0.04,0.03,0,0,0.06,0.06,0.11,0.11,0.07,0.05,0.02,0.01,0.08,0.1,0.15,0.19,0.21,0.24,0.21,0.16,0.15,0,0,0,0.06,0.07,0.08,0.26,0.51,0.47,0.39,0.36,0.3,0.26,0.24,0.2,0.21,0.21,0.21,0.24,0.26,0.22,0.12,0.09,0.09,0.08,0.07,0.05,0.04,0.06,0.22,0.25,0.36,0.37,0.12,0.08,0.01,0.03,0.1,0.14,0.11,0.03,0.01,0.01,0.01,0.01,5.2,6.21,5.84,5.57,5.42,4.15,3.46,3.18,3.18,2.57,1.68,1.29,0.33,0.22,0.08,0.08,0,0.01,0.06,0.15,0.5,0.5,0.49,0.49,0.32,0.33,0.39,0.39,0.47,0.48,0.25,0.2,0.08,0.02,0.01,0,0,0.01,0,0,0.03,0.05,0.05,1.02,1.39,2.08,6.82,6.94,13.72,14.34,19.59,19.31,15.8,15.74,13.39,11.74,11.02,8.63,7.61,6.19,5.34,4.25,3.99,3.32,3.32,0.05,0.05,0.05,0.06,0.09,0.09,0.31,0.5,0.49,0.48,0.47,0.7,0.61,0.47,0.36,0.25,0.23,0,0,0
qtldata.3=X3.Butenyl,0.02,0.2,0.19,0.16,0.16,0.15,0.14,0.14,0.17,0.11,0.05,0.01,0.01,0.01,0.02,0.05,0.18,0.18,0.19,0.2,0.05,0.03,0.01,0,0,0.01,0.01,0.04,0.08,0.16,0.2,0.17,0.17,0.2,0.23,0.23,0.06,0,0,0,0,0,0.01,0.01,0.04,0.03,0,0,0,0,0,0,0,0,0.13,0.1,0.08,0.04,0.01,0.01,0.01,0.01,0.02,0.06,0.1,0.09,0.06,0.05,0.02,0.02,0.01,0.01,0.05,0.06,0.07,0.07,0.31,0.41,0.33,0.3,0.2,0.13,0.11,0.09,0.07,0.01,0.01,0,0,0,0.03,0.08,0.12,0.16,0.22,0.35,0.59,0.6,0.61,0.62,0.64,0.68,0.66,0.63,0.62,0.48,0.35,0.35,0.34,0.34,0.23,0.01,0.01,0.02,0.02,0.04,0.16,0.2,0.35,0.36,0.28,0.27,0,0.01,0.03,0.04,0.04,0.02,0.02,0.01,0.01,0,5.87,6.76,7.31,7.72,7.95,7.71,7.58,5.11,5.07,4.65,4.02,3.68,2.86,2.61,2.29,2.24,0.06,0.05,0.04,0.06,0.11,0.13,0.18,0.18,0.2,0.18,0.07,0.06,0.06,0.06,0.11,0.11,0.12,0.11,0.11,2.04,2.39,2.6,2.74,2.88,2.36,1.91,1.79,5.42,6.81,6.77,6.48,6.48,8.25,8.42,10.39,10.26,8.66,8.64,6.41,4.85,5.11,5.96,4.81,3.21,3.56,4,4.04,4.14,4.14,1.88,1.86,1.51,1.21,0.39,0.21,0.15,0.09,0.17,0.31,0.37,0.8,0.67,0.46,0.28,0.22,0.21,0.31,0.32,0.34
qtldata.4=X3.Methylthiopropyl,0,0.01,0.01,0.02,0.01,0.01,0,0,0,0,0,0,0,0,0.01,0.02,0.06,0.08,0.09,0.13,0.11,0.13,0.16,0.25,0.26,0.21,0.16,0.14,0.11,0.17,0.2,0.33,0.37,0.42,0.45,0.46,0.8,0.94,1.01,1.02,1.12,1.18,1.25,1.22,0.79,0.65,0.47,0.49,0.56,0.61,0.59,0.53,0.51,0.46,0.75,0.8,0.81,0.82,0.67,0.64,0.59,0.52,0.48,0.49,0.5,0.54,0.61,0.59,0.5,0.5,0.55,0.56,0.3,0.3,0.33,0.34,0.39,0.41,0.49,0.52,0.23,0.02,0.02,0.02,0.03,0.04,0.04,0.09,0.09,0.1,0.47,0.44,0.42,0.42,0.43,0.36,0.22,0.2,0.18,0.16,0.18,0.23,0.29,0.37,0.38,0.28,0.19,0.21,0.25,0.26,0.34,0.52,0.48,0.3,0.17,0.17,0.17,0.15,0.06,0.06,0.09,0.1,0,0.1,0.36,0.53,0.47,0.26,0.21,0.24,0.26,0.29,0.44,0.41,0.4,0.39,0.38,0.13,0,0.03,0.03,0.05,0.07,0.08,0.11,0.14,0.17,0.17,0.14,0.12,0.02,0.02,0.02,0.02,0.02,0.03,0.44,0.42,0.35,0.34,0.58,0.61,0.68,0.63,0.55,0.42,0.38,0.39,0.4,0.41,0.34,0.27,0.26,0.25,0.25,0.38,0.43,0.42,0.31,0.31,0.4,0.41,0.7,0.75,1.39,1.4,1.23,1.12,0.96,0.43,0.25,0,0,0,0.01,0.04,0.04,0.17,0.17,0.32,0.32,0.3,0.3,0.33,0.35,0.38,0.44,0.46,0.3,0.27,0.23,0.19,0.2,0.21,0.4,0.41,0.42
qtldata.5=X3.Methylsulfinylpropyl,1.11,0.64,0.58,0.43,0.45,0.52,0.58,0.59,1,1.01,1.02,1.02,0.86,0.74,0.7,0.59,0.43,0.35,0.29,0.13,0,0.05,0.11,0.22,0.25,0.19,0.13,0.08,0,0.24,0.37,1.48,1.8,2.21,2.5,2.6,3.73,4.17,4.46,4.48,5.48,5.95,6.57,6.45,4.48,3.91,3.17,3,2.6,2.26,1.73,0.44,0.44,0.44,0.97,0.92,0.91,0.9,0.7,0.65,0.71,0.77,0.81,0.72,0.63,0.48,0.22,0.21,0.17,0.17,0.04,0.04,0.01,0.01,0.05,0.07,0.22,0.29,0.81,0.98,0.91,0.86,0.73,0.55,0.42,0.13,0.12,0.01,0.01,0,0.6,0.5,0.42,0.55,0.73,0.65,0.49,0.37,0.17,0.03,0.02,0.01,0.05,0.13,0.14,0.09,0.05,0.15,0.41,0.48,0.78,1.4,1.35,1.09,0.89,0.84,0.56,0.48,0.14,0.12,0.26,0.29,0.58,0.57,0.55,0.53,0.43,0.11,0.04,0.07,0.09,0.12,0.82,0.92,0.72,0.58,0.49,0.28,0.17,0.04,0.04,0.03,0.01,0.03,0.09,0.19,0.32,0.32,0.46,0.49,0.7,0.73,0.83,0.93,1.28,1.31,0.88,0.87,0.83,0.83,0.67,0.65,0.6,0.54,0.39,0.25,0.22,0.66,0.52,0.44,0.31,0.17,0.14,0.12,0.11,2.24,3.06,3.09,3.27,3.28,6.4,6.69,11.04,11.12,12.15,12.17,9.85,8.23,7.61,5.56,4.51,3.06,3.06,3.06,2.61,1.44,1.43,0,0.01,0.2,0.16,0.07,0.04,0.1,0.16,0.15,0.14,0.13,0.52,0.47,0.4,0.33,0.53,0.57,0.49,0.47,0.42
qtldata.6=X7.Methylsulfinylheptyl,0.13,0.01,0.03,0.07,0.09,0.15,0.22,0.23,1.37,1.37,1.37,1.36,1.25,1.15,1.16,1.2,0.96,0.85,0.77,0.55,0.02,0.02,0.01,0.01,0.01,0.05,0.09,0.06,0.03,0.06,0.08,0.53,0.67,0.77,0.85,0.87,0.62,0.52,0.87,0.88,1.23,1.23,1.22,1.23,1.4,1.27,1.09,0.91,0.49,0.12,0.16,0.28,0.3,0.37,0.66,0.48,0.36,0.21,0.09,0.07,0.05,0.02,0.01,0.01,0.02,0.06,0.13,0.16,0.24,0.27,0.7,0.72,1.17,1.17,1.17,1.17,1.11,1.09,1.11,1.12,1.03,0.96,0.93,0.9,0.75,0.43,0.45,1.14,1.15,1.22,0.24,0.19,0.14,0.09,0.02,0.02,0.03,0.03,0.03,0.03,0.02,0.01,0.01,0,0,0.5,0.92,1.08,1.48,1.58,1.66,1.83,1.9,2.21,2.46,2.67,3.79,3.74,3.57,3.55,2.47,2.28,1.12,1,0.64,0.41,0.34,0.08,0.02,0.22,0.39,0.59,0.54,0.3,0.34,0.37,0.39,0.39,0.4,0.07,0.06,0.08,0.12,0.11,0.09,0.06,0,0,0.02,0.03,0.1,0.08,0.01,0.02,0.06,0.06,0.07,0.09,0.25,0.26,0.22,0.22,0.15,0.13,0.08,0.04,0.03,0.96,0.86,0.79,0.96,1.12,1.59,1.99,2.1,5.73,7.12,7.14,7.27,7.27,11.37,11.74,13.22,13.12,11.78,11.76,8.52,6.25,6.03,5.28,4.56,3.57,3.44,3.27,3.41,3.77,3.77,1.09,1.18,3.39,3.47,3.67,3.71,3.25,2.83,2.97,3.21,3.31,4.64,4.43,4.12,3.84,3.04,2.89,1.7,1.58,1.32
qtldata.7=X4.Methylthiobutyl,0.06,0.57,0.59,0.64,0.55,0.3,0.06,0.05,0.01,0,0,0,0.07,0.13,0.13,0.13,0.13,0.11,0.1,0.06,0.01,0,0,0,0,0,0,0.01,0.01,0.04,0.06,0.03,0.02,0.14,0.23,0.26,0.33,0.36,0,0,0.01,0.01,0,0,0.01,0.02,0.02,0.04,0.1,0.14,0.11,0.05,0.04,0.03,0.02,0.06,0.06,0.06,0.02,0.01,0.02,0.02,0.02,0.04,0.06,0.06,0.06,0.05,0.02,0.02,0,0,0,0,0.01,0.01,0.1,0.13,0.21,0.24,0.5,0.7,0.55,0.35,0.25,0.03,0.04,0.2,0.21,0.28,0.11,0.1,0.09,0.29,0.55,0.6,0.7,0.64,0.53,0.46,0.43,0.35,0.37,0.39,0.39,0.54,0.67,0.57,0.32,0.25,0.19,0.05,0.04,0.02,0,0.05,0.3,0.26,0.13,0.12,0.04,0.02,0.08,0.1,0.15,0.19,0.15,0.04,0.01,0.01,0,0,2.75,2.83,2.27,1.86,1.62,0.99,0.65,0.63,0.63,0.38,0.02,0.07,0.18,0.18,0.17,0.17,0.08,0.08,0.08,0.09,0.15,0.15,0.14,0.14,0.05,0.08,0.29,0.31,0.35,0.36,0.38,0.31,0.17,0.05,0.01,0,0,0,0.02,0.04,0.08,0.12,0.13,1.7,2.3,2.88,6.89,6.98,18.52,19.58,31.1,30.74,26.13,26.05,21.31,18,16.71,12.4,10.7,8.34,7.64,6.76,6.06,4.26,4.25,0.23,0.23,0.15,0.32,0.8,0.9,0.9,0.9,0.85,0.76,0.71,0.93,0.85,0.73,0.63,0.52,0.5,0.06,0.05,0.01
qtldata.8=X5.Methylsulfinylpentyl,0.02,0.01,0.03,0.08,0.06,0.03,0,0,0.08,0.05,0.02,0,0.06,0.11,0.11,0.09,0.07,0.08,0.09,0.12,0.24,0.25,0.26,0.15,0.13,0.12,0.12,0.14,0.16,0.29,0.37,0.29,0.27,0.83,1.24,1.37,1.33,1.31,0.31,0.32,0.65,0.58,0.49,0.47,0.14,0.1,0.05,0.11,0.26,0.39,0.36,0.3,0.29,0.27,0,0.01,0.02,0.03,0.15,0.18,0.24,0.31,0.35,0.2,0.04,0.05,0.09,0.2,0.57,0.65,2.08,2.13,2.19,2.19,2.13,2.11,1.42,1.14,0.75,0.62,0.28,0.03,0.04,0.06,0.19,0.48,0.5,1.19,1.2,1.25,0.01,0.03,0.05,0.03,0,0,0,0,0,0,0,0.01,0.02,0.03,0.03,0.05,0.06,0.07,0.11,0.12,0.09,0.03,0.03,0.04,0.04,0.2,1.05,1.08,1.17,1.18,0.85,0.79,0.02,0.02,0.02,0.02,0.03,0.07,0.07,0.08,0.08,0.08,5.5,7.55,7.89,8.14,8.28,5.75,4.37,3.62,3.61,3.16,2.52,2.23,1.53,0.92,0.15,0.15,0.15,0.16,0.16,0.14,0.07,0.07,0.08,0.08,0.12,0.11,0.06,0.05,0.05,0.05,0.06,0.04,0,0.12,0.15,0.01,0.02,0.02,0.02,0.02,0.02,0.02,0.02,0.71,0.98,1.37,4.03,4.1,9.61,10.11,13.73,13.53,10.93,10.89,9.5,8.53,7.77,5.23,3.96,2.19,1.82,1.36,1.51,1.93,1.93,0.02,0.02,0,0.15,0.54,0.62,0.83,1.03,0.97,0.87,0.82,1.67,1.56,1.38,1.23,1.18,1.18,0.18,0.13,0.02
qtldata.9=X5.Methylthiopentyl,0.14,0.04,0.03,0.01,0.03,0.07,0.11,0.12,0.21,0.16,0.11,0.09,0.16,0.22,0.19,0.11,0.01,0.02,0.03,0.04,0.33,0.42,0.53,0.47,0.46,0.55,0.64,0.66,0.69,0.71,0.72,0.23,0.09,0.84,1.39,1.56,1.46,1.42,0.16,0.16,0.08,0.05,0.01,0.01,0.01,0.02,0.02,0.02,0.01,0,0.01,0.03,0.03,0.04,0.26,0.22,0.24,0.27,0.32,0.33,0.33,0.31,0.31,0.17,0.02,0.02,0,0.08,0.35,0.38,1.05,1.07,1.03,1.03,0.91,0.86,0.6,0.5,0.4,0.36,0.21,0.1,0.1,0.11,0.17,0.29,0.3,0.52,0.53,0.53,0.16,0.14,0.12,0.14,0.17,0.15,0.11,0.11,0.11,0.12,0.2,0.38,0.42,0.49,0.5,0.49,0.48,0.39,0.17,0.11,0.09,0.05,0.05,0.03,0.01,0.07,0.38,0.46,0.78,0.8,0.62,0.59,0.01,0.01,0,0,0.06,0.26,0.31,0.39,0.45,0.53,1.04,1.44,2.42,3.14,3.55,1.95,1.08,0.88,0.88,0.75,0.56,0.47,0.24,0.24,0.24,0.24,0.24,0.24,0.2,0.17,0.04,0.03,0.01,0.01,0,0.01,0.04,0.04,0.36,0.41,0.06,0.06,0.05,0.18,0.22,0.05,0.04,0.03,0.02,0.01,0.02,0.03,0.03,0.04,0.05,0.11,0.58,0.59,1.73,1.84,2.55,2.5,1.94,1.93,1.59,1.35,1.17,0.56,0.39,0.15,0.12,0.08,0.39,1.21,1.21,0.62,0.62,0.68,0.94,1.67,1.82,1.9,1.97,1.72,1.3,1.11,1.36,1.27,1.13,1.02,0.9,0.88,0,0.02,0.06
qtldata.10=X2.Propenyl,0.69,0.17,0.14,0.08,0.09,0.12,0.15,0.16,0.92,1.16,1.41,1.57,2.26,2.83,2.78,2.61,2.04,1.82,1.63,1.17,0.54,0.58,0.63,0.25,0.17,0.15,0.13,0.27,0.47,1.44,2.01,1.47,1.31,1.99,2.48,2.64,3.86,4.33,1.83,1.83,1.88,1.38,0.7,0.68,0.39,0.27,0.12,0.35,0.88,1.34,1.03,0.25,0.23,0.17,0.06,0.02,0.01,0,0,0,0.01,0.02,0.02,0.02,0.03,0.03,0.02,0.03,0.04,0.04,0.02,0.02,0.12,0.12,0.04,0.01,0,0,0,0,0.02,0.04,0.02,0,0.01,0.02,0.03,0.26,0.27,0.3,0.02,0.02,0.02,0.03,0.05,0.06,0.09,0.07,0.03,0.01,0.01,0.01,0.01,0.01,0.01,0.11,0.19,0.16,0.07,0.05,0.05,0.05,0.09,0.27,0.41,0.41,0.4,0.36,0.22,0.21,0.22,0.22,0.13,0.12,0.1,0.08,0.08,0.09,0.09,0.08,0.07,0.06,0.97,2.2,2.6,2.89,3.05,2.82,2.7,1.53,1.51,1.36,1.14,1.12,1.05,0.72,0.3,0.3,0.51,0.47,0.2,0.2,0.21,0.26,0.43,0.45,0.03,0.02,0.01,0.01,0.02,0.02,0.27,0.29,0.36,0.29,0.28,1.48,1.04,0.77,0.62,0.46,0.47,0.49,0.49,4.18,5.59,5.93,8.26,8.32,17.47,18.32,26.93,26.71,23.85,23.8,19.83,17.06,15.42,9.97,7.59,4.28,4.04,3.73,3.24,1.96,1.96,0.2,0.19,0.14,0.12,0.08,0.07,0.44,0.77,0.82,0.9,0.93,0.39,0.3,0.18,0.06,0.03,0.03,0,0,0
qtldata.11=X3.Benzoyloxypropyl,0.24,0.12,0.09,0,0.05,0.19,0.33,0.34,0.67,0.85,1.04,1.15,1.48,1.75,1.63,1.28,0.43,0.42,0.41,0.39,0.62,0.65,0.69,0.51,0.48,0.38,0.28,0.29,0.31,0.32,0.33,0.09,0.02,0.21,0.36,0.4,0.83,0.99,0.33,0.32,0.07,0.08,0.09,0.09,0.12,0.1,0.08,0.16,0.35,0.51,0.45,0.3,0.29,0.24,0.38,0.2,0.16,0.1,0.09,0.09,0.1,0.1,0.11,0.16,0.22,0.16,0.05,0.04,0,0.01,0.11,0.12,0.51,0.51,0.29,0.19,0.2,0.21,0.24,0.25,0.16,0.1,0.16,0.24,0.26,0.31,0.31,0.27,0.26,0.24,0.31,0.19,0.09,0.05,0,0.02,0.05,0.07,0.11,0.13,0.13,0.13,0.11,0.08,0.08,0.04,0.02,0.08,0.23,0.27,0.21,0.09,0.11,0.23,0.32,0.29,0.16,0.16,0.14,0.14,0.45,0.51,0.14,0.13,0.11,0.1,0.17,0.42,0.48,0.43,0.39,0.33,1.1,1.89,2.12,2.29,2.39,2,1.78,1.07,1.06,0.64,0.03,0.02,0,0.19,0.44,0.43,0.19,0.21,0.29,0.29,0.29,0.3,0.32,0.33,0.04,0.07,0.2,0.21,0.17,0.17,0.69,0.7,0.71,0.56,0.52,0.12,0.12,0.11,0.25,0.39,0.55,0.69,0.73,3.2,4.15,4.18,4.45,4.45,8.17,8.51,14.29,14.19,12.84,12.82,10.65,9.14,8.34,5.65,4.1,1.93,1.52,1,1.07,1.25,1.25,0.18,0.18,0.16,0.19,0.25,0.26,0.42,0.57,0.52,0.43,0.39,0.05,0.04,0.03,0.02,0.02,0.02,0.03,0.04,0.06

mapdata.0=PVV4,1,0
mapdata.1=c1.loc5,1,5
mapdata.2=AXR-1,1,6.398
mapdata.3=c1.loc10,1,10
mapdata.4=HH.335C-Col,1,10.786
mapdata.5=DF.162L/164C-Col,1,12.913
mapdata.6=c1.loc15,1,15
mapdata.7=EC.480C,1,15.059
mapdata.8=c1.loc20,1,20
mapdata.9=EC.66C,1,21.846
mapdata.10=GD.86L,1,23.802
mapdata.11=c1.loc25,1,25
mapdata.12=g2395,1,27.749
mapdata.13=c1.loc30,1,30
mapdata.14=CC.98L-Col/101C,1,31.212
mapdata.15=c1.loc35,1,35
mapdata.16=c1.loc40,1,40
mapdata.17=AD.121C,1,41.271
mapdata.18=AD.106L-Col,1,42.345
mapdata.19=c1.loc45,1,45
mapdata.20=c1.loc50,1,50
mapdata.21=GB.112L,1,52.082
mapdata.22=c1.loc55,1,55
mapdata.23=GD.97L,1,59.115
mapdata.24=c1.loc60,1,60
mapdata.25=EG.113L/115C,1,62.502
mapdata.26=c1.loc65,1,65
mapdata.27=CD.89C,1,67.112
mapdata.28=c1.loc70,1,70
mapdata.29=BF.206L-Col,1,73.166
mapdata.30=c1.loc75,1,75
mapdata.31=CH.200C,1,78.859
mapdata.32=c1.loc80,1,80
mapdata.33=DF.260L-Col,1,82.554
mapdata.34=EC.88C,1,84.414
mapdata.35=c1.loc85,1,85
mapdata.36=GD.160C,1,88.617
mapdata.37=c1.loc90,1,90
mapdata.38=c1.loc95,1,95
mapdata.39=CH.215L,1,95.126
mapdata.40=c1.loc100,1,100
mapdata.41=BF.116C,1,102.114
mapdata.42=c1.loc105,1,105
mapdata.43=GH.157L-Col,1,105.304
mapdata.44=c1.loc110,1,110
mapdata.45=CC.318C,1,112.183
mapdata.46=c1.loc115,1,115
mapdata.47=CD.173L/175C-Col,1,115.914
mapdata.48=FD.90L-Col,1,118.105
mapdata.49=c1.loc120,1,120
mapdata.50=GH.127L-Col,1,121.434
mapdata.51=c1.loc125,1,125
mapdata.52=HH.360L-Col,1,126.083
mapdata.53=c1.loc130,1,130
mapdata.54=AD.156C,2,0
mapdata.55=c2.loc5,2,5
mapdata.56=BF.325L,2,7.159
mapdata.57=c2.loc10,2,10
mapdata.58=GH.580L,2,14.072
mapdata.59=c2.loc15,2,15
mapdata.60=GD.145C,2,16.718
mapdata.61=FD.81L,2,18.809
mapdata.62=c2.loc20,2,20
mapdata.63=CH.284C,2,22.45
mapdata.64=c2.loc25,2,25
mapdata.65=FD.222L-Col,2,26.742
mapdata.66=c2.loc30,2,30
mapdata.67=CH.65C,2,31.125
mapdata.68=c2.loc35,2,35
mapdata.69=BF.221L,2,35.255
mapdata.70=FD.85C,2,39.845
mapdata.71=c2.loc40,2,40
mapdata.72=FD.150C,2,44.939
mapdata.73=c2.loc45,2,45
mapdata.74=Erecta,2,48.396
mapdata.75=c2.loc50,2,50
mapdata.76=GD.298C,2,53.563
mapdata.77=c2.loc55,2,55
mapdata.78=BH.120L-Col,2,58.773
mapdata.79=c2.loc60,2,60
mapdata.80=DF.140C,2,62.854
mapdata.81=c2.loc65,2,65
mapdata.82=T6A23,2,67.085
mapdata.83=c2.loc70,2,70
mapdata.84=EC.235L-Col/247C,2,71.548
mapdata.85=c2.loc75,2,75
mapdata.86=F4I1,2,75.14
mapdata.87=c2.loc80,2,80
mapdata.88=MSAT2.22,2,80.717
mapdata.89=c2.loc85,2,85
mapdata.90=DF.77C,3,0
mapdata.91=GB.120C-Col,3,2.707
mapdata.92=c3.loc5,3,5
mapdata.93=EG.75L,3,7.136
mapdata.94=c3.loc10,3,10
mapdata.95=FD.111L-Col/136C,3,11.737
mapdata.96=c3.loc15,3,15
mapdata.97=BF.270L-Col/271C,3,16.259
mapdata.98=BH.88C,3,18.463
mapdata.99=c3.loc20,3,20
mapdata.100=GH.390L,3,21.535
mapdata.101=c3.loc25,3,25
mapdata.102=EC.83C/84L,3,26.798
mapdata.103=GD.318C/320L,3,29.533
mapdata.104=c3.loc30,3,30
mapdata.105=AD.92L,3,32.691
mapdata.106=c3.loc35,3,35
mapdata.107=HH.410C,3,36.22
mapdata.108=GB.210L,3,39.207
mapdata.109=c3.loc40,3,40
mapdata.110=BF.134C-Col,3,41.622
mapdata.111=c3.loc45,3,45
mapdata.112=BH.225C-Col,3,45.555
mapdata.113=GB.80C-Col,3,48.037
mapdata.114=c3.loc50,3,50
mapdata.115=HH.440L,3,50.789
mapdata.116=c3.loc55,3,55
mapdata.117=HH.117C,3,55.937
mapdata.118=GD.296C-Col,3,59.731
mapdata.119=c3.loc60,3,60
mapdata.120=FD.98C,3,64.254
mapdata.121=c3.loc65,3,65
mapdata.122=c3.loc70,3,70
mapdata.123=AD.182C,3,70.887
mapdata.124=DF.65L-Col,3,73.401
mapdata.125=c3.loc75,3,75
mapdata.126=HH.171C-Col/173L,3,75.971
mapdata.127=AD.112L-Col,3,79.25
mapdata.128=c3.loc80,3,80
mapdata.129=BH.109L-Col,3,81.744
mapdata.130=HH.90L-Col,3,83.226
mapdata.131=c3.loc85,3,85
mapdata.132=ANL2,4,0
mapdata.133=c4.loc5,4,5
mapdata.134=GH.250C,4,7.328
mapdata.135=GA1,4,9.027
mapdata.136=c4.loc10,4,10
mapdata.137=C6L9,4,13.229
mapdata.138=c4.loc15,4,15
mapdata.139=T7M24,4,19.933
mapdata.140=c4.loc20,4,20
mapdata.141=BF.151L,4,22.034
mapdata.142=c4.loc25,4,25
mapdata.143=EC.306L,4,26.461
mapdata.144=c4.loc30,4,30
mapdata.145=BH.92L-Col,4,32.2
mapdata.146=c4.loc35,4,35
mapdata.147=FD.154L,4,35.109
mapdata.148=c4.loc40,4,40
mapdata.149=CD.84C-Col/85L,4,40.68
mapdata.150=c4.loc45,4,45
mapdata.151=g4539,4,46.056
mapdata.152=c4.loc50,4,50
mapdata.153=CD.329C-Col,4,51.029
mapdata.154=FD.167L-Col,4,54.656
mapdata.155=c4.loc55,4,55
mapdata.156=c4.loc60,4,60
mapdata.157=CH.70L/71C-Col,4,60.696
mapdata.158=HH.159C-Col,4,64.629
mapdata.159=c4.loc65,4,65
mapdata.160=VPMH47,4,69.388
mapdata.161=c4.loc70,4,70
mapdata.162=c4.loc75,4,75
mapdata.163=GB.750C,4,76.565
mapdata.164=c4.loc80,4,80
mapdata.165=BH.342C/347L-Col,4,84.002
mapdata.166=c4.loc85,4,85
mapdata.167=FD.207L,5,0
mapdata.168=CH.690C,5,3.08
mapdata.169=c5.loc5,5,5
mapdata.170=BH.144L,5,7.506
mapdata.171=c5.loc10,5,10
mapdata.172=EC.198L-Col,5,12.385
mapdata.173=BH.325L,5,14.454
mapdata.174=c5.loc15,5,15
mapdata.175=BH.107L-Col,5,18.612
mapdata.176=c5.loc20,5,20
mapdata.177=nga151,5,20.625
mapdata.178=DF.231C,5,24.9
mapdata.179=c5.loc25,5,25
mapdata.180=DF.184L-Col,5,29.579
mapdata.181=c5.loc30,5,30
mapdata.182=c5.loc35,5,35
mapdata.183=GH.117C,5,35.356
mapdata.184=GH.121L-Col,5,39.922
mapdata.185=c5.loc40,5,40
mapdata.186=AD.129L-Col,5,42.944
mapdata.187=c5.loc45,5,45
mapdata.188=HH.480C,5,46.152
mapdata.189=c5.loc50,5,50
mapdata.190=BH.96L-Col,5,52.09
mapdata.191=c5.loc55,5,55
mapdata.192=CH.60C,5,57.195
mapdata.193=c5.loc60,5,60
mapdata.194=CD.179L,5,61.382
mapdata.195=CD.116L,5,64.989
mapdata.196=c5.loc65,5,65
mapdata.197=c5.loc70,5,70
mapdata.198=DFR,5,70.194
mapdata.199=c5.loc75,5,75
mapdata.200=AD.75C-Col,5,76.141
mapdata.201=GB.223C,5,79.313
mapdata.202=c5.loc80,5,80
mapdata.203=HH.445L-Col,5,82.62
mapdata.204=c5.loc85,5,85
mapdata.205=CC.262C,5,86.441
mapdata.206=GB.102L-Col/105C,5,88.929
mapdata.207=c5.loc90,5,90
mapdata.208=c5.loc95,5,95
mapdata.209=HH.143C,5,96.313
mapdata.210=BF.168L-Col,5,98.283
mapdata.211=c5.loc100,5,100
mapdata.212=DF.119L,5,104.24
mapdata.213=c5.loc105,5,105
mapdata.214=c5.loc110,5,110
mapdata.215=HH.122C/120L,5,111.507
mapdata.216=c5.loc115,5,115

locdata=1
loc.0=X3.Hydroxypropyl,4,50
loc.1=X4.Hydroxybutyl,1,3
loc.2=X4.Methylsulfinylbutyl,2,7
loc.3=X3.Butenyl,3,8
loc.4=X3.Methylthiopropyl,3,9
loc.5=X3.Methylsulfinylpropyl,3,20
loc.6=X7.Methylsulfinylheptyl,1,45
loc.7=X4.Methylthiobutyl,1,15
loc.8=X5.Methylsulfinylpentyl,2,65
loc.9=X5.Methylthiopentyl,2,20
loc.10=X2.Propenyl,3,35
loc.11=X3.Benzoyloxypropyl,3,27
loc.12=X6.Methylthiohexyl,4,90.2
loc.13=X6.Methylsulfinylhexyl,1,10.3
loc.14=X4.Benzoyloxybutyl,3,120.3
loc.15=X7.Methylthioheptyl,2,110
loc.16=X5.Benzoyloxypentyl,2,80
loc.17=X6.Benzoyloxyhexyl,5,15
loc.18=Quercetin.deoxyhexosyl.dihexoside,3,20.9
loc.19=Kaempferol.dideoxyhexosyl.dihexoside,1,30.8
loc.20=Quercetin.deoxyhexosyl.hexoside,5,31.4
loc.21=Isohamnetin.deoxyhesoxyl.dihexoside,1,8.1
loc.22=Isohamnetin.deoxyhesoxyl.hexoside,4,0
loc.23=Kaempferol.dideoxyhexosyl.hexoside,1,35

modeldata=1
model.0=0,0,0,0,0,0,0,0,0,0,0,0,0,0,0,0,0,0,0,0,0,0,0,0,0,0,0,0,0,0,0,0,0,0,0,0,0,0,0,0,0,0,0,0,0,0,0,0,0,0,0,0,0,0,0,0,0,0,0,0,0,0,0,0,0,0,0,0,0,0,0,0,0,0,0,0,0,0,0,0,0,0,0,0,0,0,0,0,0,0,0,0,0,0,0,0,0,0,0,0,0,0,0,0,0,0,0,0,0,0,0,0,0,0,0,0,0,0,0,0,0,0,0,0,0,0,0,0,0,0,0,0,0,0,0,0,0,1,0,0,0,0,0,0,0,0,0,0,0,0,0,0,0,0,0,0,0,0,0,0,0,0,0,0,0,0,0,0,0,0,0,0,0,0,0,0,0,0,0,0,0,0,0,0,0,0,1,0,0,0,0,0,0,0,0,0,0,0,0,0,0,0,0,0,0,0,0,0,0,0,0,0,0,0,0,0,0
model.1=0,0,0,0,0,0,0,0,0,1,0,0,0,0,0,0,0,0,0,0,0,0,0,0,0,0,0,0,0,0,0,0,0,0,0,0,0,0,0,0,0,0,0,0,0,0,0,0,0,0,0,0,0,0,0,0,0,0,0,0,0,0,0,0,0,0,0,0,0,0,0,0,0,0,0,0,0,0,0,0,0,0,0,0,0,0,0,0,0,0,0,0,0,0,0,0,0,1,0,0,0,0,0,0,0,0,0,0,0,0,0,0,0,0,0,0,0,0,0,0,0,0,0,0,0,0,0,0,0,0,0,0,0,0,0,0,0,1,0,0,0,0,0,0,0,0,0,0,0,0,0,0,0,0,0,0,0,0,0,0,0,0,0,0,0,0,0,0,0,0,0,0,0,0,0,0,0,0,0,0,0,0,0,0,0,0,1,0,0,0,0,0,0,0,0,0,0,0,0,0,0,0,0,0,0,0,0,0,0,0,0,0,0,0,0,0,0
model.2=0,0,0,0,0,0,0,0,0,0,0,0,0,0,0,0,0,0,0,0,0,0,0,0,0,0,0,0,0,0,0,0,0,0,0,0,0,0,0,0,0,0,0,0,0,0,0,0,0,0,0,0,0,0,0,0,0,0,0,0,0,0,0,0,0,0,0,0,0,0,0,0,0,0,0,0,0,0,0,0,0,0,0,0,0,0,0,0,0,0,0,0,0,0,0,0,0,0,0,0,0,0,0,0,0,0,0,0,0,0,0,0,0,0,0,0,0,0,0,0,0,0,0,0,0,0,0,0,0,0,0,0,0,0,1,0,0,0,0,0,0,0,0,0,0,0,0,0,0,0,0,0,0,0,0,0,0,0,0,0,0,0,0,0,0,0,0,0,0,0,0,0,0,0,0,0,0,0,0,0,0,0,0,0,0,0,1,0,0,0,0,0,0,0,0,0,0,0,0,0,0,0,0,0,0,0,0,0,0,0,0,0,0,0,0,0,0
model.3=0,0,0,0,0,0,0,0,0,0,0,0,0,0,0,0,0,0,0,0,0,0,0,0,0,0,0,0,0,0,0,0,0,0,0,0,0,0,0,0,0,0,0,0,0,0,0,0,0,0,0,0,0,0,0,0,0,0,0,0,0,0,0,0,0,0,0,0,0,0,0,0,0,0,0,0,0,0,0,0,0,0,0,0,0,0,0,0,0,0,0,0,0,0,0,0,0,0,0,0,0,0,0,0,0,0,0,0,0,0,0,0,0,0,0,0,0,0,0,0,0,0,0,0,0,0,0,0,0,0,0,0,0,0,0,0,0,1,0,0,0,0,0,0,0,0,0,0,0,0,0,0,0,0,0,0,0,0,0,0,0,0,0,0,0,0,0,0,0,0,0,0,0,0,0,1,0,0,0,0,0,0,0,0,0,0,1,0,0,0,0,0,0,0,0,0,0,0,1,0,0,0,0,0,0,0,0,0,0,0,0,0,0,0,0,0,0
model.4=0,0,0,0,0,0,0,0,0,0,0,0,0,0,0,0,0,0,0,0,0,0,0,0,0,0,0,0,0,0,0,0,0,0,0,0,0,0,0,0,0,0,0,0,0,0,0,0,0,0,0,0,0,0,0,0,0,0,0,0,0,0,0,0,0,0,0,0,0,0,0,0,0,0,0,0,0,0,0,0,0,0,0,0,0,0,0,0,0,0,0,0,0,0,0,0,0,1,0,0,1,0,0,0,0,0,0,0,0,0,0,0,0,0,0,0,0,0,0,0,0,0,0,0,0,0,0,0,0,0,0,0,0,0,0,0,0,0,0,0,0,0,0,0,0,0,0,0,0,0,0,0,0,0,0,0,0,0,0,0,0,0,0,0,0,0,0,0,0,0,0,0,0,0,0,0,0,0,0,0,0,0,0,0,0,0,0,0,0,0,0,0,0,0,0,0,0,0,0,0,0,0,0,0,0,0,0,0,0,0,0,0,0,0,0,0,0
model.5=0,0,0,0,0,0,0,0,0,0,0,0,0,0,0,0,0,0,0,0,0,0,0,0,0,0,0,0,0,0,0,0,0,0,0,0,0,0,0,1,0,0,0,0,0,0,0,0,0,0,0,0,0,0,0,0,0,0,0,0,0,0,0,0,0,0,0,0,0,0,0,0,0,0,0,0,0,0,0,0,0,0,0,0,0,0,0,0,0,0,0,0,0,0,0,0,0,0,0,0,0,0,0,0,0,0,0,0,0,0,0,0,0,0,0,0,0,0,0,0,0,0,0,0,0,0,0,0,0,0,0,0,0,0,0,0,0,0,0,0,0,0,0,0,0,0,0,0,0,0,0,0,0,0,0,0,0,0,0,0,0,0,0,0,0,0,0,0,0,0,0,0,0,0,0,0,0,0,0,0,0,0,0,0,0,0,1,0,0,0,0,0,0,0,0,0,0,0,0,0,0,0,0,0,0,0,0,0,0,0,0,0,0,0,0,0,0
model.6=0,0,0,0,0,0,0,0,0,1,0,0,0,0,0,0,0,0,0,0,0,0,0,0,0,0,0,0,0,0,0,0,0,0,0,0,0,0,0,0,0,0,0,0,0,0,0,0,0,0,0,0,0,0,0,0,0,0,0,0,0,0,0,0,0,0,0,0,0,0,0,0,0,0,0,0,0,0,0,0,0,0,0,0,0,0,0,0,0,0,0,0,0,0,0,0,0,0,0,0,0,0,0,0,0,0,0,0,0,0,0,0,0,0,0,0,0,1,0,0,0,0,0,0,0,0,0,0,0,0,0,0,0,0,0,0,0,0,0,0,0,0,0,0,0,0,0,0,0,0,0,0,0,0,0,0,0,0,0,0,0,0,0,0,0,0,0,0,0,0,0,0,0,0,0,1,0,0,0,0,0,0,0,0,0,0,1,0,0,0,0,0,0,0,0,0,0,0,0,0,0,0,0,0,0,0,0,0,0,1,0,0,0,0,0,0,0
model.7=0,0,0,0,0,0,0,0,0,0,0,0,0,0,0,0,0,0,0,0,0,0,0,0,0,0,0,0,0,0,0,0,0,0,0,0,0,0,0,0,0,0,0,0,0,0,0,0,0,0,0,0,0,0,0,0,0,0,0,0,0,0,0,0,0,0,0,0,0,0,0,0,0,0,0,0,0,0,0,0,0,0,0,0,0,0,0,0,0,0,0,0,0,0,0,0,0,0,0,0,0,0,0,0,0,0,0,0,0,0,0,0,0,0,0,0,0,0,0,0,0,0,0,0,0,0,0,0,0,0,0,0,1,0,0,0,0,0,0,0,0,0,0,0,0,0,0,0,0,0,0,0,0,0,0,0,0,0,0,0,0,0,0,0,0,0,0,0,0,0,0,0,0,0,0,0,0,0,0,0,0,0,0,0,0,0,1,0,0,0,0,0,0,0,0,0,0,0,0,0,0,0,0,0,0,0,0,0,0,0,0,0,0,0,0,0,0
model.8=0,0,0,0,0,0,0,0,0,0,0,0,0,0,0,0,0,0,0,0,0,0,0,0,0,0,0,0,0,0,0,0,0,0,0,0,0,0,0,0,0,0,0,0,0,0,0,0,0,0,0,0,0,0,0,0,0,0,0,0,0,0,0,0,0,0,0,0,0,0,1,0,0,0,0,0,0,0,0,0,0,0,0,0,0,0,0,0,0,0,0,0,0,0,0,0,0,0,0,0,0,0,0,0,0,0,0,0,0,0,0,0,0,0,0,0,0,0,0,0,0,0,0,0,0,0,0,0,0,0,0,0,0,0,1,0,0,0,0,0,0,0,0,0,0,0,0,0,0,0,0,0,0,0,0,0,0,0,0,0,0,0,0,0,0,0,0,0,0,0,0,0,0,0,0,0,0,0,0,0,0,0,0,0,0,0,1,0,0,0,0,0,0,0,0,0,0,0,0,0,0,0,0,0,0,0,0,0,0,1,0,0,0,0,0,0,0
model.9=0,0,0,0,0,0,0,0,0,0,0,0,0,0,0,0,0,0,0,0,0,0,0,0,0,0,0,0,0,0,0,0,0,0,0,0,0,0,0,0,0,0,0,0,0,0,0,0,0,0,0,0,0,0,0,0,0,0,0,0,0,0,0,0,0,0,0,0,0,0,0,0,0,0,0,0,0,0,0,0,0,0,0,0,0,0,0,0,0,0,0,0,0,0,0,0,0,0,0,0,0,0,0,0,0,0,0,0,0,0,0,0,0,0,0,0,0,0,0,0,0,0,0,0,0,0,0,0,0,0,0,0,0,0,0,0,0,0,0,0,0,0,0,0,0,0,0,0,0,0,0,0,0,0,0,0,0,0,0,0,0,0,0,0,0,0,0,0,0,0,0,0,0,0,0,0,0,0,0,0,0,0,0,0,0,0,0,0,0,0,0,0,0,0,0,0,0,0,0,0,0,0,0,0,0,0,0,0,0,0,0,0,0,0,0,0,0
model.10=0,0,0,0,0,0,0,0,0,0,0,0,0,0,1,0,0,0,0,0,0,0,0,0,0,0,0,0,0,0,0,0,0,0,0,0,0,0,0,1,0,0,0,0,0,0,0,1,0,0,1,0,0,0,0,0,0,0,0,0,0,0,0,0,0,0,0,0,0,0,0,0,0,0,0,0,0,0,0,0,0,0,0,0,0,0,0,0,0,0,0,0,0,0,0,0,0,0,0,0,0,0,0,0,0,0,0,0,0,0,0,0,0,0,0,0,0,0,0,0,0,0,0,0,0,0,0,0,0,0,0,0,0,0,1,0,0,0,0,0,0,0,0,0,0,0,0,0,0,0,0,0,0,0,0,0,0,0,0,0,0,0,0,0,0,0,0,0,0,0,0,0,0,0,0,0,0,0,0,0,0,0,0,0,0,0,1,0,0,0,0,0,0,0,0,0,0,0,0,0,0,0,0,0,0,0,0,0,0,0,0,0,0,0,0,0,0
model.11=0,0,0,0,0,0,0,0,0,0,0,0,0,0,0,0,0,0,0,0,0,0,0,0,0,0,0,0,0,0,0,0,0,0,0,0,0,0,0,0,0,0,0,0,0,0,0,0,0,0,0,0,0,0,0,0,0,0,0,0,0,0,0,0,0,0,0,0,0,0,0,0,0,0,0,0,0,0,0,0,0,0,0,0,0,0,0,0,0,0,0,0,0,0,0,0,0,0,0,0,0,0,0,0,0,0,0,0,0,0,0,0,0,0,0,0,0,0,0,0,0,0,0,0,0,0,0,0,0,0,0,0,0,0,0,0,0,1,0,0,0,0,0,0,0,0,0,0,0,0,0,0,0,0,0,0,0,0,0,0,0,0,0,0,0,0,0,0,0,0,0,0,0,0,0,0,0,0,0,0,0,0,0,0,0,0,1,0,0,0,0,0,0,0,0,0,0,0,0,0,0,0,0,0,0,0,0,0,0,0,0,0,0,0,0,0,0
